0.0, 565.099089392, 606.578112996, 563.02537331, 450.098834018, 387.811247069, 430.155426701, 498.563935606, 464.967957185, 441.181861657, 416.149907577, 424.649762358, 676.976752859, 523.712809661, 435.361186092, 393.301923669, 559.522729788, 612.660839783, 570.204717601, 427.154380917, 400.014390555, 650.971463584, 641.836798521, 415.216444284, 673.630230605, 558.403629216, 532.675834744, 442.328834187, 504.655766805, 535.197666553, 607.736558639, 432.499260701, 491.529113168, 649.812493974, 429.791155279, 542.034211496, 430.948840663, 645.144557857, 629.084351589, 458.833223803, 629.220868887, 601.164404606, 403.958619301, 524.855340117, 439.559521984, 477.557680524, 492.456104063, 816.022890743, 411.052399445, 472.201118874, 441.058112699, 700.048122491, 417.474124705, 470.122328561, 639.747583937, 602.610230907, 422.638142199, 417.543943511, 477.671500657, 507.7336037, 401.982351948, 431.331811663, 725.029515753, 407.263108822, 504.666408161, 659.299818059, 515.151987264, 431.391538828, 600.792767167, 626.131645201
565.099089392, 0.0, 491.415291242, 504.859939317, 490.992305292, 484.413641002, 503.345287712, 464.594962552, 569.537603173, 521.140565328, 533.510407063, 500.724662654, 538.391335257, 593.853575945, 510.379484508, 486.598740098, 533.058331965, 504.890945369, 602.155504489, 537.859284888, 512.222764575, 518.232676787, 631.432944996, 524.870821969, 541.633198507, 507.385562828, 462.989200245, 491.818689785, 470.809607848, 597.578737487, 605.662682722, 459.646378602, 564.158283493, 645.040966258, 547.519967803, 549.636263177, 503.399978715, 587.050492159, 513.408835147, 450.780011278, 611.237131614, 491.610493148, 525.490770191, 552.219334495, 537.997834036, 453.169594363, 565.221593119, 666.882310819, 523.864984594, 457.270679739, 460.677300407, 562.206374926, 517.228317823, 457.66686311, 619.682933172, 598.847209316, 487.913098589, 491.110667582, 547.49762307, 482.077482799, 512.997831786, 563.447223285, 582.491584995, 482.335250216, 587.365026583, 588.929084054, 595.927380817, 549.057774701, 552.613492584, 564.603025093
606.578112996, 491.415291242, 0.0, 316.252211042, 424.026224123, 481.147171308, 495.59329854, 275.921283336, 582.961925976, 487.695721209, 576.077377719, 546.327861822, 213.552743694, 584.737704803, 461.197844487, 473.503395098, 569.791149325, 202.094912286, 560.928697928, 597.877575679, 571.813241449, 205.339819225, 517.131087095, 558.268940887, 206.96613603, 367.150772726, 262.350077678, 445.303881487, 339.356052658, 572.662526861, 549.454884226, 382.102562413, 589.745411091, 534.154914094, 576.846831138, 580.228335127, 497.463086392, 538.240339328, 208.942685422, 341.007361521, 548.472095285, 205.357671606, 550.217461827, 497.309462281, 543.068316875, 304.834078396, 603.894016217, 460.069060822, 556.175596605, 309.527544974, 353.504198022, 237.669809473, 553.32351099, 322.784768752, 529.231513808, 558.599303464, 484.757827651, 500.267690527, 593.654170199, 318.940562943, 548.384664943, 578.482384153, 271.391795232, 475.973504519, 576.040053678, 533.330922067, 568.348688061, 571.900744932, 539.718680588, 539.780431267
563.02537331, 504.859939317, 316.252211042, 0.0, 414.103285665, 463.752894447, 443.602847577, 337.29349008, 538.331282751, 461.318549845, 534.908964931, 527.956749131, 338.592412546, 565.231062516, 450.170581384, 446.891955676, 553.997306996, 315.488083231, 516.045031702, 556.580707224, 529.671718512, 329.88017946, 512.397072675, 523.412679388, 341.513042081, 375.877395468, 316.067467036, 432.691246438, 362.605664477, 528.844944033, 528.089087866, 395.427810651, 566.72735052, 541.265004651, 541.886882371, 554.154906887, 480.394191579, 534.09691084, 315.160063056, 356.127295257, 541.046311125, 311.373794649, 517.586294393, 485.925030277, 520.164983663, 354.289904282, 564.846243436, 519.654301769, 530.517764566, 350.703721101, 367.563812282, 350.918096977, 527.26641519, 352.097921493, 530.071969842, 549.011823436, 471.784362957, 485.919414882, 556.178798408, 337.364381375, 507.865569685, 537.273436649, 377.747814651, 465.419323765, 548.142975979, 536.979722317, 537.422343898, 532.357612916, 532.63250031, 538.044805312
450.098834018, 490.992305292, 424.026224123, 414.103285665, 0.0, 349.054197917, 362.388288361, 350.037456689, 436.80432225, 326.169521189, 414.623665025, 402.932816212, 494.166057917, 471.135802468, 317.21591255, 334.636896252, 527.430625947, 431.082465686, 502.908270502, 459.297953264, 414.357237238, 471.833547368, 546.397559871, 429.987643406, 494.54703275, 420.32864096, 368.873915432, 370.333374269, 345.8761977, 476.362576858, 550.417400099, 314.741041628, 480.874299356, 549.317396704, 390.810954161, 491.122026437, 369.739973166, 578.637121335, 450.032471816, 329.827574164, 555.802295128, 417.822219898, 421.31821525, 435.739083463, 393.86747599, 313.903373637, 461.301032006, 666.664390738, 399.425062298, 321.705598051, 317.701107533, 518.367586279, 386.25849362, 321.946164788, 572.880168375, 531.235512548, 340.008913883, 353.783401446, 471.072547318, 355.358320006, 375.605620202, 447.050491195, 544.878663727, 317.585423099, 479.1385106, 557.274464444, 507.793318766, 457.23262445, 538.405865616, 573.309844187
387.811247069, 484.413641002, 481.147171308, 463.752894447, 349.054197917, 0.0, 346.889653739, 379.608618695, 389.666310382, 349.609083403, 371.774511552, 365.57663468, 560.536650821, 470.702018903, 354.076152391, 268.00663788, 509.439184751, 496.607235282, 507.829199399, 398.025262057, 363.702507333, 529.596575888, 567.370499313, 384.006289773, 556.248867175, 452.828186359, 406.256216321, 376.730560765, 396.91249831, 457.540969493, 564.540901207, 323.079200832, 463.953351352, 569.285915873, 368.465865176, 465.844006817, 353.518340371, 586.432934386, 509.704328657, 344.20149267, 572.125794886, 476.788024831, 371.710946413, 462.479769952, 377.793689308, 346.074040146, 440.079946576, 732.226824733, 345.211996937, 337.639146949, 316.182577793, 589.521130583, 348.093424037, 344.473684765, 590.0572253, 545.522752968, 324.974637344, 342.709522824, 454.081013712, 392.067611173, 324.165499889, 403.945984617, 616.723541719, 292.524525557, 482.669767493, 585.519936654, 495.169520618, 405.446338845, 555.222955612, 584.430715928
430.155426701, 503.345287712, 495.59329854, 443.602847577, 362.388288361, 346.889653739, 0.0, 398.130764836, 406.158142352, 363.440388935, 390.918111173, 381.238426642, 575.079558066, 470.079422342, 371.02730377, 338.016513147, 505.494817465, 502.352561778, 488.727778205, 435.657679725, 380.54833707, 547.41460413, 563.802665421, 409.291036309, 575.830448941, 446.254725422, 421.044044198, 346.36732235, 391.199836281, 443.411404005, 578.770506494, 343.619769857, 465.448072513, 571.638375116, 378.047075857, 508.5416153, 366.990673799, 606.123550687, 523.561688991, 351.871400349, 604.623127359, 498.562382344, 377.449301098, 447.030960279, 361.622044928, 367.327840444, 432.183284681, 729.107629573, 366.839202964, 371.783658611, 338.728364079, 603.071917851, 351.328676386, 368.133300964, 602.444786637, 539.272125325, 327.69861987, 371.1767298, 462.333900286, 389.57781035, 371.702579337, 446.303115105, 621.558099371, 321.623176796, 497.282529952, 582.091402628, 501.146401952, 423.776394833, 553.20840944, 592.070659665
498.563935606, 464.594962552, 275.921283336, 337.29349008, 350.037456689, 379.608618695, 398.130764836, 0.0, 486.595438689, 402.21149887, 477.274830972, 441.097685687, 345.826487723, 502.203516657, 379.07819432, 360.986357418, 521.639254262, 273.93819897, 505.110900515, 510.106574143, 463.388324026, 322.341409349, 503.362533784, 467.600948417, 348.0725523, 364.772655983, 264.163043608, 364.679645279, 309.014935233, 495.158062198, 536.66359207, 305.896678851, 512.521222397, 515.408586371, 465.993401261, 519.113500375, 403.09992334, 539.326445194, 309.562606335, 277.626497038, 536.113723711, 286.868069141, 442.292668948, 444.933696157, 443.944928356, 267.002024421, 516.502871352, 556.178695774, 446.951311356, 254.642796586, 290.061950171, 376.330243629, 439.899564053, 269.545676366, 533.64701869, 518.124691119, 377.252682921, 403.199857398, 510.60266366, 292.78062893, 435.953639369, 489.63791996, 401.023852553, 367.504330842, 514.527607308, 528.103920432, 518.464459436, 484.904571495, 514.949009189, 534.974359405
464.967957185, 569.537603173, 582.961925976, 538.331282751, 436.80432225, 389.666310382, 406.158142352, 486.595438689, 0.0, 449.585624484, 460.173375556, 426.309883561, 657.574201638, 501.700465195, 443.014808968, 404.967128407, 574.485220642, 591.783122601, 512.764374195, 475.688170959, 440.807325479, 631.827299227, 610.442127399, 476.042852835, 656.689255828, 516.626399612, 500.652210979, 429.160173673, 473.557003495, 494.494210387, 654.220508235, 424.4126875, 541.560646297, 600.757047035, 422.733533631, 553.360130595, 445.237418188, 674.304278093, 612.784834315, 434.960414427, 646.062261197, 579.919236711, 435.233797319, 522.095652366, 420.086529503, 466.558076466, 448.209318524, 813.490374499, 413.222891479, 448.855929596, 434.846856402, 684.328926898, 411.261993705, 466.681599796, 667.981377157, 602.102099388, 396.255761335, 425.814208976, 524.385515627, 478.011525241, 418.994193741, 500.909353073, 710.862299975, 406.069204443, 535.769562278, 650.556633906, 580.689126999, 473.717184966, 643.275091216, 669.824172719
441.181861657, 521.140565328, 487.695721209, 461.318549845, 326.169521189, 349.609083403, 363.440388935, 402.21149887, 449.585624484, 0.0, 404.931053371, 416.735677571, 562.264889361, 481.195309478, 301.957965677, 356.691117932, 535.522403822, 495.974227593, 504.393293372, 438.893189943, 417.703009599, 537.680730153, 570.883877306, 417.735414797, 560.310921337, 454.32957286, 432.337328183, 398.244606808, 411.673008425, 486.726504968, 559.385792105, 357.461875949, 489.151084853, 573.448029105, 400.637876001, 504.585618739, 380.63409156, 591.907116104, 515.195504495, 380.097827018, 563.201333568, 492.91543405, 410.553515686, 468.905078194, 406.346427428, 365.154779717, 480.13929027, 721.928840519, 404.655609073, 386.40036976, 350.402524016, 584.429858075, 410.275295026, 367.000509197, 585.591818263, 564.044743188, 373.460522117, 381.158097542, 465.226286026, 406.688433817, 381.863950593, 421.256353339, 609.634960362, 342.007122272, 478.63864777, 592.380228812, 505.769794089, 442.122800248, 553.563185884, 585.120337868
416.149907577, 533.510407063, 576.077377719, 534.908964931, 414.623665025, 371.774511552, 390.918111173, 477.274830972, 460.173375556, 404.931053371, 0.0, 414.229021905, 641.871468401, 495.352015518, 407.724474409, 377.6259055, 540.002209351, 583.306155722, 553.204553041, 397.013670511, 401.618312711, 618.956185641, 634.24359531, 412.784409135, 639.898761822, 516.296114763, 502.451327588, 458.551626096, 470.010978526, 518.186708685, 575.859984536, 408.437517844, 479.344210434, 629.749123785, 421.587001327, 499.939978564, 412.57439988, 624.170037214, 594.752932309, 436.73675094, 607.161406081, 570.235472119, 421.346920448, 511.203067739, 423.627459876, 440.063789303, 501.196121646, 786.79291583, 416.041094666, 440.258926005, 406.308241506, 668.968653104, 395.697736943, 431.540001253, 607.945743683, 590.154530151, 397.21969919, 423.779503521, 467.518334281, 478.747071382, 370.487708969, 419.02941226, 692.993090108, 366.763615975, 493.025246356, 637.055500642, 512.895082331, 420.241714972, 573.277628524, 608.309976791
424.649762358, 500.724662654, 546.327861822, 527.956749131, 402.932816212, 365.57663468, 381.238426642, 441.097685687, 426.309883561, 416.735677571, 414.229021905, 0.0, 628.136475641, 486.866628542, 404.017401892, 359.650369518, 525.900359563, 555.145673167, 535.972304224, 418.517498936, 385.219111916, 597.848199413, 617.777696619, 420.294457222, 629.543623188, 504.213027368, 473.842903991, 419.784538449, 439.185990585, 497.471380982, 615.677606905, 364.052998199, 468.498435246, 619.686972007, 387.167811012, 500.63305855, 363.994277001, 640.262165927, 579.550912314, 395.784075981, 626.392401187, 550.63488114, 396.784268109, 475.526675037, 375.021423961, 406.818008644, 465.201876215, 778.796810078, 350.456907118, 409.842699016, 389.657875245, 662.177761439, 337.911631807, 413.348728313, 635.753257202, 567.416147914, 334.463742558, 373.439059486, 453.721823661, 449.282202016, 363.139385358, 438.851230691, 681.970987257, 343.363450524, 520.947340421, 624.030147007, 537.886067684, 435.875468198, 583.101979259, 613.335527219
676.976752859, 538.391335257, 213.552743694, 338.592412546, 494.166057917, 560.536650821, 575.079558066, 345.826487723, 657.574201638, 562.264889361, 641.871468401, 628.136475641, 0.0, 650.009337014, 533.33641311, 549.313408611, 616.384163013, 213.008216945, 613.604609147, 661.758322557, 648.50035974, 170.56618324, 546.745486954, 624.740444988, 165.136284176, 406.81923673, 301.627497816, 519.180334989, 402.626097815, 637.8223109, 560.803387524, 462.213669695, 648.480058545, 569.089907909, 658.751412545, 623.620560351, 567.696460775, 545.535191174, 190.24201605, 408.942779909, 558.754416775, 220.585254705, 625.281054975, 552.989276677, 621.460739064, 387.327912034, 680.166012408, 416.595387641, 644.0046352, 378.397557671, 429.793741664, 168.755375917, 634.109402508, 391.206483422, 533.830522715, 601.415316588, 570.560112437, 572.665177282, 651.040038619, 367.290303546, 623.483106971, 638.291684003, 206.437802351, 561.603833738, 628.298640276, 559.750535634, 615.945380714, 643.723315297, 564.331741428, 560.406887547
523.712809661, 593.853575945, 584.737704803, 565.231062516, 471.135802468, 470.702018903, 470.079422342, 502.203516657, 501.700465195, 481.195309478, 495.352015518, 486.866628542, 650.009337014, 0.0, 478.374103977, 456.407881285, 601.657959372, 590.61675406, 555.735226971, 531.205522232, 492.606511286, 627.087189654, 604.121618764, 496.926160169, 645.092828463, 522.981078371, 520.657713524, 478.790784299, 475.377266604, 526.444089158, 629.877685112, 454.863353158, 569.318713739, 602.533278716, 456.034880575, 572.303205193, 480.427437499, 671.244816585, 609.30109502, 463.399049037, 639.286955907, 577.950745015, 475.353783199, 517.809119936, 445.759905442, 483.142950528, 501.449628061, 785.293147552, 458.833775388, 473.862197475, 454.559168956, 671.756718875, 440.72196228, 479.114863356, 652.797752703, 585.140590524, 452.834710447, 469.129676749, 533.300241148, 500.529407002, 481.033507721, 511.288877076, 691.045961054, 450.806100042, 558.003402114, 636.086688252, 578.651851439, 524.27700752, 639.74731351, 661.869719859
435.361186092, 510.379484508, 461.197844487, 450.170581384, 317.21591255, 354.076152391, 371.02730377, 379.07819432, 443.014808968, 301.957965677, 407.724474409, 404.017401892, 533.33641311, 478.374103977, 0.0, 358.951535859, 534.55109784, 473.801432947, 506.359287861, 442.605975017, 415.145356504, 509.413649812, 577.418808709, 418.257998872, 531.88220973, 439.946785821, 413.799457837, 390.714540825, 395.141085629, 500.369813305, 546.807709496, 334.198170246, 476.239578445, 573.252654197, 394.588552304, 488.73123917, 371.988064975, 581.837347869, 492.759273356, 363.441157282, 556.819563496, 469.05892218, 410.123712662, 443.158043987, 388.995038598, 348.019467432, 478.459071139, 695.904520584, 389.05691104, 363.616031637, 338.845313025, 558.866669307, 393.822083175, 353.806771707, 563.819210883, 544.856156799, 360.843667458, 371.819236101, 466.957494999, 380.83536862, 379.980167359, 417.880712159, 580.113175615, 331.916275022, 475.28395227, 577.905705173, 506.420420108, 451.533195211, 540.296001265, 582.096243732
393.301923669, 486.598740098, 473.503395098, 446.891955676, 334.636896252, 268.00663788, 338.016513147, 360.986357418, 404.967128407, 356.691117932, 377.6259055, 359.650369518, 549.313408611, 456.407881285, 358.951535859, 0.0, 517.746193462, 479.470866272, 493.908467549, 419.259533371, 366.536488791, 521.937069202, 564.343323082, 402.374174503, 550.592028634, 441.783909845, 391.758350762, 381.605984503, 386.469961307, 456.134511697, 565.635515798, 318.852677469, 462.694191733, 565.72783125, 353.643200618, 485.183959785, 351.972624807, 594.263312253, 500.978729127, 332.523680297, 578.873465005, 466.416698612, 372.014335845, 452.725110311, 370.884053778, 345.516998216, 442.284729893, 721.710349797, 345.176323919, 333.133306815, 305.553143854, 582.168535553, 346.379810603, 345.08446703, 590.979275931, 541.928576984, 325.067693424, 344.839091442, 455.465218415, 381.523793647, 326.580364234, 401.21542613, 610.152187238, 291.8443696, 493.410809717, 586.860768823, 506.164146995, 416.228243454, 555.286717288, 588.481671534
559.522729788, 533.058331965, 569.791149325, 553.997306996, 527.430625947, 509.439184751, 505.494817465, 521.639254262, 574.485220642, 535.522403822, 540.002209351, 525.900359563, 616.384163013, 601.657959372, 534.55109784, 517.746193462, 0.0, 569.117931481, 620.327611457, 530.463929925, 546.416493366, 593.377669061, 644.845293351, 524.567700894, 615.411980973, 544.612428666, 522.250867442, 506.270548686, 526.147532684, 596.075381137, 602.911016366, 494.105673028, 556.422966504, 678.782527311, 556.679768514, 580.332561319, 518.604813261, 598.028962518, 584.116981811, 502.722156166, 655.857793401, 568.476876381, 533.791121495, 557.925219742, 544.87205441, 512.10581345, 582.862512794, 715.660026165, 533.428788791, 512.219483047, 500.859750164, 630.009706321, 529.562738684, 512.477023541, 625.154931925, 586.929375814, 510.801189667, 527.466994067, 547.412374438, 521.91356687, 540.619685694, 553.282487042, 646.841722608, 511.906329247, 596.033117134, 618.718011757, 582.835386202, 530.283816963, 562.019793838, 572.119005542
612.660839783, 504.890945369, 202.094912286, 315.488083231, 431.082465686, 496.607235282, 502.352561778, 273.93819897, 591.783122601, 495.974227593, 583.306155722, 555.145673167, 213.008216945, 590.61675406, 473.801432947, 479.470866272, 569.117931481, 0.0, 560.397942231, 604.632158916, 582.105606907, 203.409252679, 515.683099079, 569.515586914, 212.977014522, 375.380104375, 267.75197302, 453.960130628, 351.560074993, 574.726456936, 549.781627876, 393.28529815, 599.50067023, 541.013775937, 590.909980657, 585.82901467, 504.065962707, 534.411411455, 207.03859692, 347.354608225, 547.78287409, 213.183184448, 558.403197488, 498.838151099, 552.601650281, 328.373300557, 617.969884312, 449.343048713, 570.249443789, 326.628873419, 368.903821441, 232.405552268, 560.337221151, 337.873741216, 525.204705675, 557.154138061, 493.040401197, 510.292088198, 601.844553018, 320.494946496, 557.424192938, 581.790867641, 260.857897457, 491.590414487, 581.971085886, 533.656688904, 572.677618714, 586.075602638, 538.183601771, 541.54177962
570.204717601, 602.155504489, 560.928697928, 516.045031702, 502.908270502, 507.829199399, 488.727778205, 505.110900515, 512.764374195, 504.393293372, 553.204553041, 535.972304224, 613.604609147, 555.735226971, 506.359287861, 493.908467549, 620.327611457, 560.397942231, 0.0, 569.624123988, 526.089346212, 597.27274606, 580.846122457, 558.682869771, 610.403143825, 499.480847698, 517.634473747, 500.110431927, 488.443369432, 528.67265515, 647.932278474, 485.223599108, 610.425948739, 592.269273829, 530.248477919, 611.510076124, 533.840579781, 676.521016057, 584.448308043, 487.95872625, 635.410664619, 561.240923895, 538.599718359, 550.267369106, 520.384122206, 493.488642215, 545.506815226, 761.469056854, 531.17138343, 487.620250077, 487.296977696, 630.086563067, 516.499609508, 497.236484296, 651.640073739, 609.224115878, 506.150179767, 513.730816603, 587.283341243, 486.379302341, 515.128348949, 565.946155992, 651.370837427, 502.265260289, 601.146583336, 653.346343029, 624.52578008, 567.934924434, 653.256851916, 670.782548988
427.154380917, 537.859284888, 597.877575679, 556.580707224, 459.297953264, 398.025262057, 435.657679725, 510.106574143, 475.688170959, 438.893189943, 397.013670511, 418.517498936, 661.758322557, 531.205522232, 442.605975017, 419.259533371, 530.463929925, 604.632158916, 569.624123988, 0.0, 425.644573316, 638.823225041, 652.786077087, 413.942144058, 662.649473373, 546.915067425, 532.892838768, 465.208737595, 503.414490145, 539.603782661, 592.431000866, 431.939370545, 492.846292269, 653.72285089, 456.70572806, 500.675352809, 426.009018461, 622.132738158, 618.738643972, 472.617909592, 627.699254604, 597.197742371, 417.192925219, 533.829195139, 460.622561192, 474.670427417, 505.143528269, 803.476590022, 422.522555157, 479.223373588, 444.005092965, 691.226753475, 423.121108924, 476.788537873, 624.891469184, 605.799351643, 418.019680524, 445.922411856, 459.961938438, 506.207302414, 397.943900809, 434.63898383, 711.856730269, 412.933255218, 502.944362997, 649.731561691, 514.994658009, 422.578038987, 577.834639467, 610.293665534
400.014390555, 512.222764575, 571.813241449, 529.671718512, 414.357237238, 363.702507333, 380.54833707, 463.388324026, 440.807325479, 417.703009599, 401.618312711, 385.219111916, 648.50035974, 492.606511286, 415.145356504, 366.536488791, 546.416493366, 582.105606907, 526.089346212, 425.644573316, 0.0, 618.819578404, 638.570806802, 413.799282168, 648.542972159, 521.480739009, 492.903974931, 434.878455198, 461.937012009, 499.966632059, 611.461287649, 387.532262169, 482.524174851, 630.977849007, 397.080169272, 507.620066702, 382.016767437, 627.555944971, 600.427431369, 404.465679442, 613.95484023, 564.137782385, 393.610537171, 512.650588893, 404.525172315, 416.880965938, 460.951311971, 798.737453937, 382.770573077, 435.428013259, 386.432462171, 676.949667613, 359.609926337, 415.861118004, 634.391804649, 582.220458546, 367.650556634, 364.63802055, 463.000066762, 470.943686004, 367.433396041, 451.556081324, 703.778796128, 343.433941288, 511.454752763, 632.612707273, 532.521780752, 427.88704223, 589.1924754, 605.819577901
650.971463584, 518.232676787, 205.339819225, 329.88017946, 471.833547368, 529.596575888, 547.41460413, 322.341409349, 631.827299227, 537.680730153, 618.956185641, 597.848199413, 170.56618324, 627.087189654, 509.413649812, 521.937069202, 593.377669061, 203.409252679, 597.27274606, 638.823225041, 618.819578404, 0.0, 537.437295819, 598.85310578, 180.103974322, 389.813224147, 283.079296921, 491.666731558, 380.315817066, 618.102446333, 557.387347254, 431.857109496, 629.515446288, 560.895167999, 632.317829075, 607.39558344, 543.046070735, 542.190959016, 184.737141523, 380.924791072, 554.924958449, 210.574517909, 601.020952021, 533.455391533, 598.2258599, 361.95471512, 654.798098075, 427.69240582, 612.848522945, 354.129250479, 403.557881255, 194.337686765, 603.173590958, 367.085820012, 532.571769457, 585.510768672, 536.539643039, 546.658720719, 630.865068552, 351.339718929, 597.025291605, 618.326731362, 231.264283465, 533.424008564, 608.03427786, 548.820815042, 598.201487206, 617.229416804, 551.034863567, 549.419189139
641.836798521, 631.432944996, 517.131087095, 512.397072675, 546.397559871, 567.370499313, 563.802665421, 503.362533784, 610.442127399, 570.883877306, 634.24359531, 617.777696619, 546.745486954, 604.121618764, 577.418808709, 564.343323082, 644.845293351, 515.683099079, 580.846122457, 652.786077087, 638.570806802, 537.437295819, 0.0, 618.108421788, 538.871532722, 498.765304719, 499.872617616, 529.561815141, 523.873843372, 552.495426273, 649.056046993, 527.356999988, 654.677542978, 528.546542288, 625.112031517, 636.131894388, 579.61152937, 665.146427183, 527.385582254, 522.537465327, 642.242159108, 514.173150673, 599.946493733, 576.785395881, 599.204191758, 514.547538141, 643.473658552, 682.500204423, 624.313951757, 497.94107332, 524.654642613, 550.738337202, 610.333706562, 507.953343014, 642.869184713, 626.564940497, 583.804556756, 587.261764591, 650.304345823, 500.415536284, 614.478164901, 632.453863583, 564.270994471, 569.036051803, 635.953508221, 648.821619429, 638.369478252, 632.320416575, 651.895840119, 669.895066678
415.216444284, 524.870821969, 558.268940887, 523.412679388, 429.987643406, 384.006289773, 409.291036309, 467.600948417, 476.042852835, 417.735414797, 412.784409135, 420.294457222, 624.740444988, 496.926160169, 418.257998872, 402.374174503, 524.567700894, 569.515586914, 558.682869771, 413.942144058, 413.799282168, 598.85310578, 618.108421788, 0.0, 623.161290175, 515.948478743, 491.636680777, 431.841315395, 469.124211253, 522.107117164, 573.454177026, 408.748599185, 482.769831475, 621.242971575, 429.877125471, 498.43983565, 413.494136415, 598.534437971, 575.233583218, 434.682218225, 606.977384537, 551.466505167, 407.29700986, 501.718313476, 428.136060831, 434.58841881, 488.691019176, 766.414892218, 409.875214128, 439.063731253, 402.000337515, 649.754829673, 419.301870154, 424.702401443, 599.364767968, 565.243392177, 402.781833843, 407.968990182, 456.018657754, 471.394342288, 400.145575842, 435.641245282, 670.243893552, 374.279292252, 468.26457269, 628.28004135, 486.8639267, 419.45983037, 563.808146807, 578.787438361
673.630230605, 541.633198507, 206.96613603, 341.513042081, 494.54703275, 556.248867175, 575.830448941, 348.0725523, 656.689255828, 560.310921337, 639.898761822, 629.543623188, 165.136284176, 645.092828463, 531.88220973, 550.592028634, 615.411980973, 212.977014522, 610.403143825, 662.649473373, 648.542972159, 180.103974322, 538.871532722, 623.161290175, 0.0, 407.566534322, 309.859495444, 515.642596781, 406.588414513, 632.145427148, 558.813636852, 458.542201135, 648.657774494, 561.899140171, 658.656274864, 622.046815332, 568.944320858, 545.73937028, 196.61330951, 409.917355783, 555.761684135, 224.723282223, 624.245412233, 553.661490417, 619.360889486, 386.127654735, 678.11743315, 415.599942414, 640.466046502, 379.395179785, 429.39384388, 167.772726611, 633.150081782, 389.108176548, 533.046819123, 599.881318895, 570.530261832, 572.650921052, 649.621826536, 370.924375966, 622.998434498, 635.950689489, 207.890062483, 559.854517592, 621.497330177, 556.769254927, 612.380219368, 642.157845093, 567.265361388, 559.163578108
558.403629216, 507.385562828, 367.150772726, 375.877395468, 420.32864096, 452.828186359, 446.254725422, 364.772655983, 516.626399612, 454.32957286, 516.296114763, 504.213027368, 406.81923673, 522.981078371, 439.946785821, 441.783909845, 544.612428666, 375.380104375, 499.480847698, 546.915067425, 521.480739009, 389.813224147, 498.765304719, 515.948478743, 407.566534322, 0.0, 347.675064777, 424.724317154, 366.112690946, 497.128931901, 551.907782557, 391.508696168, 556.096275507, 508.890216381, 516.748000652, 547.71527147, 468.628830158, 568.75849143, 375.319474313, 365.750521971, 567.846585124, 365.615029191, 500.191014032, 464.754382063, 493.661851162, 368.195759807, 556.505924659, 585.612661414, 508.591767634, 361.848949403, 377.756868934, 422.153072274, 503.152598036, 371.36747364, 551.813368332, 540.093289499, 456.840360786, 464.595476485, 557.387354055, 364.307004928, 509.443391972, 539.019256784, 443.442303421, 448.478213017, 541.671828377, 556.544723023, 541.805337458, 533.218881147, 550.040565918, 572.405961478
532.675834744, 462.989200245, 262.350077678, 316.067467036, 368.873915432, 406.256216321, 421.044044198, 264.163043608, 500.652210979, 432.337328183, 502.451327588, 473.842903991, 301.627497816, 520.657713524, 413.799457837, 391.758350762, 522.250867442, 267.75197302, 517.634473747, 532.892838768, 492.903974931, 283.079296921, 499.872617616, 491.636680777, 309.859495444, 347.675064777, 0.0, 389.23136912, 308.971962653, 519.467661336, 533.157727583, 328.350752447, 533.412334948, 522.381059714, 498.563627758, 541.003049543, 427.794932212, 528.874670082, 263.837164374, 263.487713653, 537.78699067, 252.13760215, 479.795302257, 447.282968337, 462.196548333, 283.297664137, 538.538558871, 525.491406337, 488.643666706, 264.012608652, 308.624434552, 332.381090603, 472.939223202, 288.709655829, 528.828678951, 519.201401407, 415.080894105, 430.848208771, 527.804016343, 294.451667093, 472.231900384, 511.818354741, 370.190710135, 407.663690812, 534.099121848, 513.750763054, 532.423577374, 515.524924897, 521.340338582, 527.594155888
442.328834187, 491.818689785, 445.303881487, 432.691246438, 370.333374269, 376.730560765, 346.36732235, 364.679645279, 429.160173673, 398.244606808, 458.551626096, 419.784538449, 519.180334989, 478.790784299, 390.714540825, 381.605984503, 506.270548686, 453.960130628, 500.110431927, 465.208737595, 434.878455198, 491.666731558, 529.561815141, 431.841315395, 515.642596781, 424.724317154, 389.23136912, 0.0, 369.817093433, 471.802778058, 570.296522306, 345.576037214, 499.644931312, 556.982344429, 419.229604908, 521.233407417, 399.288800983, 580.468749561, 467.338843378, 344.676300821, 584.208123563, 451.711393037, 404.106012072, 440.390168328, 396.442865712, 358.847031768, 461.550581791, 680.163940742, 404.546140375, 348.026191908, 350.355980912, 541.737971905, 400.415472833, 358.053418602, 581.925069755, 526.950217276, 354.857262383, 385.970789106, 476.359980942, 375.369999038, 413.180277381, 461.539011729, 563.072118304, 357.078079598, 495.346959821, 572.301763968, 489.187856028, 440.850757584, 567.517126183, 569.692957413
504.655766805, 470.809607848, 339.356052658, 362.605664477, 345.8761977, 396.91249831, 391.199836281, 309.014935233, 473.557003495, 411.673008425, 470.010978526, 439.185990585, 402.626097815, 475.377266604, 395.141085629, 386.469961307, 526.147532684, 351.560074993, 488.443369432, 503.414490145, 461.937012009, 380.315817066, 523.873843372, 469.124211253, 406.588414513, 366.112690946, 308.971962653, 369.817093433, 0.0, 494.838092553, 540.294153788, 317.030805596, 510.923169109, 526.245105986, 444.933385859, 521.950099682, 413.570883455, 555.23519606, 358.425534812, 294.428919551, 551.366314831, 339.44850022, 451.938522933, 420.886130273, 422.64175858, 298.063378424, 504.423622292, 589.581937088, 447.444443096, 294.319202404, 319.335178167, 427.067355131, 424.233560062, 307.042981388, 542.567811844, 508.864786219, 373.914844135, 412.385490974, 502.654620862, 312.835380226, 443.106347511, 489.943881056, 454.383575722, 378.460128036, 519.974140092, 522.720574815, 526.156990844, 486.516590528, 535.539966941, 545.457958546
535.197666553, 597.578737487, 572.662526861, 528.844944033, 476.362576858, 457.540969493, 443.411404005, 495.158062198, 494.494210387, 486.726504968, 518.186708685, 497.471380982, 637.8223109, 526.444089158, 500.369813305, 456.134511697, 596.075381137, 574.726456936, 528.67265515, 539.603782661, 499.966632059, 618.102446333, 552.495426273, 522.107117164, 632.145427148, 497.128931901, 519.467661336, 471.802778058, 494.838092553, 0.0, 642.230781297, 468.870522096, 546.3346292, 571.599737682, 487.921680633, 574.12053549, 488.4377066, 676.801020992, 601.37771878, 472.260596691, 657.18536562, 574.733676263, 489.495600326, 515.241748879, 473.588792886, 484.24165029, 511.525095056, 774.867501502, 483.8559507, 485.993985655, 464.525572927, 660.158063698, 466.469271062, 479.786966433, 674.73029394, 597.693472312, 472.745538427, 494.975460473, 563.470749313, 486.156101951, 485.527499524, 547.941591882, 675.469463147, 464.72219959, 567.417419602, 623.505611568, 588.630044934, 532.770114531, 635.088062021, 668.313066125
607.736558639, 605.662682722, 549.454884226, 528.089087866, 550.417400099, 564.540901207, 578.770506494, 536.66359207, 654.220508235, 559.385792105, 575.859984536, 615.677606905, 560.803387524, 629.877685112, 546.807709496, 565.635515798, 602.911016366, 549.781627876, 647.932278474, 592.431000866, 611.461287649, 557.387347254, 649.056046993, 573.454177026, 558.813636852, 551.907782557, 533.157727583, 570.296522306, 540.294153788, 642.230781297, 0.0, 537.809926856, 606.68588658, 666.398295012, 643.436525374, 565.38780068, 582.680333813, 566.699320181, 543.303375915, 537.724272301, 571.421144662, 543.62281421, 599.4919659, 593.568930376, 610.855881594, 536.408649909, 651.083677173, 676.051448355, 620.586848474, 531.241882629, 528.617206657, 566.559986859, 620.068396328, 515.301769706, 558.032756473, 654.125085107, 596.950662114, 576.133155876, 579.014613933, 519.649679297, 589.540383585, 576.685873762, 581.353814425, 559.591239964, 589.530650672, 632.313708814, 588.861081138, 608.714343821, 585.992091291, 598.47554945
432.499260701, 459.646378602, 382.102562413, 395.427810651, 314.741041628, 323.079200832, 343.619769857, 305.896678851, 424.4126875, 357.461875949, 408.437517844, 364.052998199, 462.213669695, 454.863353158, 334.198170246, 318.852677469, 494.105673028, 393.28529815, 485.223599108, 431.939370545, 387.532262169, 431.857109496, 527.356999988, 408.748599185, 458.542201135, 391.508696168, 328.350752447, 345.576037214, 317.030805596, 468.870522096, 537.809926856, 0.0, 461.762170687, 525.53707645, 386.91351879, 476.895827874, 347.169011332, 550.848266388, 408.677010918, 279.75574135, 548.637214447, 378.796016483, 379.037045121, 425.627297169, 366.395698227, 263.741560632, 456.189874004, 642.074119879, 382.446153654, 281.361035243, 272.687061771, 487.635706035, 343.659153271, 256.201519879, 548.277892269, 515.155144059, 316.002767733, 345.032756741, 446.295555793, 324.6822463, 362.331913786, 430.608130454, 510.651644416, 301.211811403, 484.620649702, 548.806023447, 489.267144949, 430.47555782, 529.588098296, 542.286918723
491.529113168, 564.158283493, 589.745411091, 566.72735052, 480.874299356, 463.953351352, 465.448072513, 512.521222397, 541.560646297, 489.151084853, 479.344210434, 468.498435246, 648.480058545, 569.318713739, 476.239578445, 462.694191733, 556.422966504, 599.50067023, 610.425948739, 492.846292269, 482.524174851, 629.515446288, 654.677542978, 482.769831475, 648.657774494, 556.096275507, 533.412334948, 499.644931312, 510.923169109, 546.3346292, 606.68588658, 461.762170687, 0.0, 670.508359465, 483.960177121, 561.314280898, 465.620464026, 637.809736773, 611.940425189, 485.217825876, 643.480268713, 593.600994322, 494.372630634, 527.369854389, 476.721605157, 495.952254244, 546.916572249, 767.863675682, 477.687870753, 495.087192845, 471.723091091, 672.405261609, 478.108222398, 486.952573368, 639.594531472, 578.49774254, 468.736941945, 489.939135959, 502.066506742, 517.976205609, 458.177842199, 498.693370552, 681.234894676, 449.11959744, 528.060566894, 628.011487886, 561.0631049, 516.481360378, 577.459194299, 616.373119147
649.812493974, 645.040966258, 534.154914094, 541.265004651, 549.317396704, 569.285915873, 571.638375116, 515.408586371, 600.757047035, 573.448029105, 629.749123785, 619.686972007, 569.089907909, 602.533278716, 573.252654197, 565.72783125, 678.782527311, 541.013775937, 592.269273829, 653.72285089, 630.977849007, 560.895167999, 528.546542288, 621.242971575, 561.899140171, 508.890216381, 522.381059714, 556.982344429, 526.245105986, 571.599737682, 666.398295012, 525.53707645, 670.508359465, 0.0, 612.086949175, 647.532462949, 586.024010185, 689.073728222, 548.427310098, 529.222308975, 652.897446995, 537.387520889, 611.212697358, 577.754091796, 587.060974793, 521.565644066, 634.217814336, 707.788812172, 615.391233826, 509.333990822, 528.444783604, 577.446790683, 605.769952606, 512.817977574, 661.720613212, 634.827483697, 578.700486847, 580.386670851, 665.440700748, 519.89431926, 619.092177706, 645.852954757, 597.300850875, 565.396656825, 642.828402838, 657.714003805, 655.349609731, 640.769680304, 682.177919004, 695.337054549
429.791155279, 547.519967803, 576.846831138, 541.886882371, 390.810954161, 368.465865176, 378.047075857, 465.993401261, 422.733533631, 400.637876001, 421.587001327, 387.167811012, 658.751412545, 456.034880575, 394.588552304, 353.643200618, 556.679768514, 590.909980657, 530.248477919, 456.70572806, 397.080169272, 632.317829075, 625.112031517, 429.877125471, 658.656274864, 516.748000652, 498.563627758, 419.229604908, 444.933385859, 487.921680633, 643.436525374, 386.91351879, 483.960177121, 612.086949175, 0.0, 536.500597785, 394.31716526, 664.309356962, 609.47103824, 411.156408611, 646.396317655, 574.707927245, 396.639970542, 478.916015623, 345.229180273, 431.126786244, 423.635059405, 805.556667714, 367.957442195, 433.834929871, 395.109450569, 689.332264149, 334.758214326, 428.867882765, 668.609662972, 561.831851822, 353.437791377, 379.550208621, 486.526597788, 463.561209286, 367.8277629, 454.779226715, 711.172922858, 344.881784738, 526.892090041, 631.909578867, 545.289145926, 444.053275144, 617.46209535, 645.586353152
542.034211496, 549.636263177, 580.228335127, 554.154906887, 491.122026437, 465.844006817, 508.5416153, 519.113500375, 553.360130595, 504.585618739, 499.939978564, 500.63305855, 623.620560351, 572.303205193, 488.73123917, 485.183959785, 580.332561319, 585.82901467, 611.510076124, 500.675352809, 507.620066702, 607.39558344, 636.131894388, 498.43983565, 622.046815332, 547.71527147, 541.003049543, 521.233407417, 521.950099682, 574.12053549, 565.38780068, 476.895827874, 561.314280898, 647.532462949, 536.500597785, 0.0, 486.476213795, 605.251251795, 593.402913015, 502.687351597, 583.197414752, 579.859222526, 506.150514956, 579.93842545, 540.148318011, 504.222739235, 564.183203452, 758.378232433, 511.624116116, 504.461644742, 487.840165368, 642.422080132, 503.231767083, 487.42541345, 587.016272599, 645.683264401, 501.213178437, 485.077575758, 519.130513869, 512.116206999, 477.27306336, 510.649117822, 666.391586157, 478.903725601, 563.557525519, 644.387651227, 575.311508968, 518.510980334, 586.254674694, 616.357414323
430.948840663, 503.399978715, 497.463086392, 480.394191579, 369.739973166, 353.518340371, 366.990673799, 403.09992334, 445.237418188, 380.63409156, 412.57439988, 363.994277001, 567.696460775, 480.427437499, 371.988064975, 351.972624807, 518.604813261, 504.065962707, 533.840579781, 426.009018461, 382.016767437, 543.046070735, 579.61152937, 413.494136415, 568.944320858, 468.628830158, 427.794932212, 399.288800983, 413.570883455, 488.4377066, 582.680333813, 347.169011332, 465.620464026, 586.024010185, 394.31716526, 486.476213795, 0.0, 595.857975682, 524.566623608, 349.527199821, 591.409354502, 492.736684716, 399.010165835, 460.99818811, 379.029102028, 361.986069797, 455.140105817, 733.097752447, 374.393941484, 373.333635385, 357.828519128, 599.546634561, 370.01666479, 371.119522243, 604.824809606, 552.688377181, 339.192721223, 366.46129585, 454.514483666, 414.996426574, 374.083223354, 436.063361869, 623.440895963, 314.644329875, 510.709764564, 604.203618797, 508.835607473, 441.558420341, 559.314422288, 580.425321925
645.144557857, 587.050492159, 538.240339328, 534.09691084, 578.637121335, 586.432934386, 606.123550687, 539.326445194, 674.304278093, 591.907116104, 624.170037214, 640.262165927, 545.535191174, 671.244816585, 581.837347869, 594.263312253, 598.028962518, 534.411411455, 676.521016057, 622.132738158, 627.555944971, 542.190959016, 665.146427183, 598.534437971, 545.73937028, 568.75849143, 528.874670082, 580.468749561, 555.23519606, 676.801020992, 566.699320181, 550.848266388, 637.809736773, 689.073728222, 664.309356962, 605.251251795, 595.857975682, 0.0, 531.810188359, 561.534471121, 608.167850656, 536.508306481, 629.546784679, 629.306187186, 646.985761042, 543.526149291, 677.969466902, 637.233746377, 650.260401306, 537.053564774, 555.755421517, 546.881454352, 648.837052367, 526.218100181, 570.853160683, 648.006435092, 609.225582636, 590.703429064, 600.74994155, 537.281099437, 625.049209873, 590.633785495, 567.028221591, 592.022097299, 617.665698561, 636.949851583, 606.669852623, 631.406479806, 543.882450271, 487.629381963
